
95155
121576
176342
108114
148622
85817
39131
135867
88359
74119
62830
97822
163406
38040
195631
192164
179803
20895
104879
173473
143594
21128
75715
60021
8448
11319
58337
104859
47578
173821
130850
16624
38941
60088
122232
55280
29485
33940
177667
166483
45637
154456
177910
74188
70062
111665
33721
41927
126665
125639
193413
64645
71612
178938
34378
197845
165812
169823
9133
85620
38398
44118
8871
177565
38977
1620
9548
7480
123372
50935
144322
67532
148561
158328
87366
56633
13946
143931
14806
29533
53965
18001
153776
43181
150292
122606
75113
191538
171976
173668
34548
35411
184215
134221
19033
192101
183794
99790
179700
82770
139613
34691
147606
56768
193017
46824
174530
155809
136853
157871
48992
46023
140710
127862
131958
131095
116218
96854
101232
190761
8080
149892
10716
138545
198983
195033
192451
155049
129675
111804
116164
13131
80439
118638
49033
9882
178012
176312
58927
63592
125799
52591
163151
106830
180362
197989
65242
95592
178753
179146
7379
74559
93554
149327
190592
8517
164805
143818
138339
193380
32400
98326
46702
40917
14469
156756
65266
126556
149289
106940
67767
19951
57798
86993
99702
65350
171018
48471
126873
64613
63907
31367
71902
55544
95863
71108
44822
77943
54013
166668
147489
168513
22905
81590
13129
87539
191115
172982
168387
34584
64483
127638
109779
20884
108404
12387
162132
84233
116670
45694
154412
90882
94434
134939
103690
102445
158909
14297
73876
194973
29940
151046
48557
128865
166523
22012
125624
75095
10805
124202
4728
73461
105402
25570
131229
88837
198749
10051
118010
9521
145332
138514
9168
171307
149538
8470
142435
184179
91660
55127
175694
128607
89033
45920
36367
185496
96155
170239
160522
144375
146791
117387
161307
54527
65994
99885
10307
159065
139027
119840
49951
28709
159762
163922
168012
61108
96865
30711
180669
100126
129685
185876
84357
4318
38314
69459
24284
107435
76782
168658
23899
168234
163719
53352
5283
77613
100080
164881
85254
95743
39587
32107
35970
104469
22006
193299
76985
185889
190828
44170
25986
125423
14279
143773
102734
58063
114277
188071
120231
100440
115558
13730
150790
118307
127930
108605
181502
23986
7159
197406
72398
124112
74920
63219
136232
38408
186986
183394
21167
197097
5732
1645
89733
23693
144120
193744
174779
102091
10862
102303
178470
178705
68074
88195
144931
49941
131223
169462
55948
198290
170186
120913
14594
114643
172014
137116
91975
128223
136950
102139
4085
128842
126517
93114
31423
128029
7091
6278
28020
121487
18999
152319
96616
77904
23115
44516
55970
66271
139019
94381
97943
54148
71743
147809
39864
196942
45089
152095
165384
6564
155527
161565
139764
179643
145501
123710
67337
84051
138932
46850
115319
61670
41273
84515
128746
25941
156170
34464
159751
175078
37128
92167
129590
128371
134726
82291
19695
192645
149226
42846
189311
108511
102882
174851
58933
189391
188020
56646
92273
156106
157700
138728
4544
78827
186940
170510
157500
56069
2820
188947
151893
121895
158564
148764
37610
73872
156843
40467
28583
98575
146505
93957
129928
107721
156274
35629
163962
125353
73732
122836
39120
124408
138874
84804
111504
3097
152410
69030
131845
130331
19618
36769
59028
74177
118646
43567
41350
136647
114290
791
167566
162216
2120
120970
87926
178146
131493
169790
55538
176901
77271
6660
136431
64072
177321
116052
12872
2989
78306
13893
63175
54166
181368
51554
61173
160535
108333
97745
196838
49301
13499
133732
186863
105911
28283
77123
34708
179731
58270
172113
13380
45443
75449
96915
115833
156222
43142
18143
135316
66112
50297
110090
70001
73016
179376
161513
58160
77217
140365
123933
145494
33947
47581
10641
154333
154808
194503
174987
125974
25036
184234
173655
135036
126941
101925
80814
129872
157402
188638
104362
4766
73063
180675
69967
139317
74749
97187
13624
60053
38417
8962
161734
141648
93752
76917
116806
51697
13384
155433
40083
131074
3021
31840
171862
66315
178692
189780
39588
142595
70929
106309
167757
40050
99997
92834
2314
66782
74698
181411
81647
22184
30036
159647
135527
165036
153219
23604
144211
28392
140286
25546
71968
124262
158060
152044
117041
186930
112452
189423
97654
190956
48575
124221
127837
21347
13680
189279
46855
11056
63572
25448
123324
53662
95959
14539
94703
144330
68261
163437
70113
127134
120681
158279
96139
3992
181069
104957
27363
92865
166364
41861
104297
73422
65486
53290
155275
103063
182500
62627
43965
134908
177136
194187
187765
114834
120665
42722
130054
172641
197801
151161
108818
135879
85276
55915
179494
150845
62189
140189
184101
64937
30368
134690
48542
106690
19626
99516
172757
191777
194065
172958
46985
102134
78780
169124
43163
126563
181643
87946
85371
109622
166542
112561
62801
49398
36511
140092
86080
137465
57076
10525
160598
96987
104448
188929
32964
139938
72238
184764
95112
39643
88050
41081
1873
152596
42568
87039
103579
9671
179014
154848
162836
185488
105380
31630
69346
191334
133360
173120
10795
96747
184993
193494
53554
72302
90941
15990
119771
76047
15452
45004
111061
37169
142249
122449
51892
174711
175295
35396
93428
69763
96067
134432
159544
95793
160486
107840
61217
65909
87827
190892
115168
182498
45038
155688
9044
3434
109531
20996
59747
144040
157724
34578
109305
67279
40481
42151
191670
193274
81133
132477
19784
2130
34092
54940
144047
167053
14877
193875
21950
135967
81989
110716
114720
111481
49849
15826
146633
71950
169503
32368
36754
171619
137388
29614
188354
91750
101671
149208
103541
197398
168763
109500
161894
43849
184447
31149
8777
94811
141966
198214
25637
44895
60882
138578
12101
148185
184478
131610
171070
154891
25357
55107
66407
94106
148808
171373
94245
120591
166151
163225
61153
24461
67793
154409
7768
58720
53097
147904
24032
137636
15037
186081
12322
117357
53688
14603
113677
3665
47861
156610
137446
171498
29933
99626
30232
60413
148184
44367
4496
102103
148739
105808
29734
19502
178315
36879
45844
38329
20228
26657
108047
6800
145248
29502
115354
70776
6258
119123
7630
162772
69011
16617
146630
103173
81250
39083
121676
178292
192566
24068
51146
53034
187422
122559
108737
123702
156652
182707
155145
133896
144877
121741
5527
27878
31694
21192
65228
128656
124241
127403
67400
53383
4483
174806
14041
126236
78062
163474
44538
49793
177978
178138
178703
108879
903
87131
97210
90028
29816
33701
42314
71145
107489
85472
63053
191947
46515
168301
103123
17213
107704
43810
44985
21488
91386
12004
161072
27752
10772
136404
94137
162292
169542
45014
21207
183902
120277
104211
90912
98703
37836
114192
88507
169350
136322
54419
71491
18631
148414
43866
21875
108487
150894
183275
41185
14316
8200
149814
144960
132695
93461
121649
171721
90409
15008
100696
148218
158691
54241
20348
29333
170702
59791
184328
67027
116772
65606
85381
69118
163891
134354
189472
63749
98173
144297
48440
1834
31194
89042
89143
33451
164659
128596
115672
58408
178096
138255
73280
136515
56337
134082
21236
173645
189566
167822
132262
141379
157809
51837
63168
176288
1926
118445
113190
12626
1098
85168
140088
89413
118195
53448
86107
72791
192510
135801
127009
13149
102669
55780
136718
166295
109935
56764
71015
9702
3311
110543
162224
183733
14380
51202
160292
92555
111168
108512
71117
76061
42313
103285
19360
158251
4812
149825
170474
29684
186981
69242
31124
19355
138803
137595
119350
67110
73410
45821
10028
181917
162778
61295
97108
115458
46570
21873
36469
41353
91414
57089
133399
45028
8050
155447
159467
56377
144050
46006
155320
8563
85293
93475
126608
18139
91681
130497
84339
20603
82787
176964
806
148040
176750
93310
185106
66529
163566
32734
63329
27393
32235
136306
67157
27981
14607
133656
76531
53343
112986
79822
59194
143234
2018
80279
152826
108557
158779
131974
190393
155873
180807
29375
83111
124456
27195
40706
117025
167422
174946
8291
74603
55012
36120
83516
11921
74835
84104
129027
49637
2249
141255
112548
190792
130208
23471
157070
94866
66245
108883
29690
37854
126593
149751
63661
174323
100289
169671
56252
93583
161304
8522
106265
194747
128980
184355
4299
86072
189431
15861
104293
140085
147411
25424
37
103578
158660
24959
104421
102325
190285
118381
179488
155968
11847
188124
153695
146530
46924
79118
32723
22662
117003
74325
145183
169293
161651
107614
20002
9490
4648
156992
50574
149519
105530
41259
26053
40709
162775
54353
54556
5524
81443
192601
91392
131193
129488
131803
121112
129936
59928
4101
913
53992
164258
39809
172467
105423
42132
13751
44883
144637
63234
167448
116454
195964
112738
26919
54542
53775
109704
178072
4708
169059
36955
180115
171429
84261
61211
155487
14514
28667
128873
352
35951
16650
79121
38695
68995
134774
66591
163150
183568
10858
95218
46267
1042
40974
70025
37249
42663
194221
181764
113350
132044
96277
128506
131294
197487
68831
111173
111443
127421
13311
21086
147164
165549
65875
21594
82512
15915
3596
125714
159327
194985
133561
19742
4398
139573
4973
21724
145360
25812
99364
128312
163415
99449
178564
50306
11235
93685
121952
196549
66698
60017
173216
2306
12519
81348
62481
85687
95304
23505
178015
195942
109287
128995
80277
52667
44719
11303
33783
96408
61322
57958
49003
104226
98778
64041
71112
12424
81184
137196
76066
175200
144145
1195
108452
111343
147405
102521
9423
147846
132557
3904
133138
141488
149617
9015
92512
177231
49425
184929
117091
81668
155160
87357
107349
158905
187494
151000
109900
44570
102634
189074
191559
52589
191484
24232
49291
117308
63386
192391
1260
111092
51668
149146
144435
148714
194724
105253
6834
130676
178669
5958
55044
118668
128455
124659
97997
48999
45166
160439
128075
172758
24840
113618
92513
94651
12416
48692
186535
13389
118358
198893
183801
62743
105268
143661
171554
56030
103914
167372
148536
79402
164930
112365
114287
8952
105060
150413
183979
68302
72086
27985
188214
22810
197361
120556
11193
88825
40212
129019
158313
156691
159308
40370
28799
5516
20813
39290
137389
57717
44783
41160
154400
17503
137736
182177
95
118900
154928
71231
133132
66439
149959
161074
22753
142716
89727
41251
101348
169665
76339
39584
131946
119391
13209
189265
83085
118018
165379
59583
106258
147989
138259
32124
147558
140164
12439
120021
6160
90018
4187
73815
135341
120618
122318
63242
149641
180493
35980
24458
54713
100835
113704
501
155913
89714
17478
51381
92965
111644
144296
173125
32965
128106
176260
155889
91043
14622
68317
137947
126404
69541
51698
103821
35083
12405
49361
11905
5743
189571
46710
142211
82751
4517
27590
187579
198204
64818
92073
74636
152379
3037
3803
57886
18706
63153
164104
121841
30382
137322
123777
156490
73117
83521
186327
58104
100111
118541
185692
156958
78969
148655
64769
97477
24261
71424
160957
119941
42944
102368
136050
59879
104974
130227
16176
27919
132007
34216
1688
164734
143656
157966
136297
16267
96666
162710
112413
163232
67355
96787
171863
49137
6655
183836
139423
67112
151707
54238
69558
152884
66986
10154
28953
92250
13258
30059
183552
176314
48163
11446
60175
166080
116702
118237
26212
108964
57937
114374
157842
94035
66596
104445
123282
130876
156110
69416
101255
134156
179338
44167
555
66447
144952
94883
11519
106528
87815
126448
122945
144648
119304
13834
86137
43304
163798
54469
39216
169209
83734
154869
43458
115825
2503
173084
83277
189704
171344
120226
152761
95370
30466
146449
191478
18624
193716
61334
155883
167193
4530
189534
137312
169703
35538
92895
86322
38433
39259
174227
58934
192949
144705
20777
164458
184754
55233
98016
179176
7611
9454
172768
189052
151813
169105
13199
68666
30891
166651
136269
27578
135741
10283
95458
47685
168753
114614
128139
190708
119347
191396
36839
190737
180385
174891
28337
64022
77990
24976
109753
55182
15206
90868
131238
169425
51347
193776
144723
144
18793
158553
119857
137693
89472
143607
183248
181627
139470
148043
156377
118675
84215
81643
121253
60100
11325
171432
125154
65021
165434
79914
182130
153480
155169
19691
149576
129837
59845
168691
66481
75578
4721
176921
160497
94308
153355
62128
48291
60604
51349
170025
143794
127286
82493
12130
947
23910
91713
94478
70058
1871
40206
15431
26468
159227
34311
86088
168494
141061
197223
137205
4629
69738
51119
159973
107546
197791
148196
169439
94315
195245
133504
69709
56905
170246
87862
180909
132219
24864
93545
44573
6773
19550
29292
618
174390
191046
36461
21962
121314
36600
30294
91509
29969
86603
174906
64938
191
120722
168167
154733
17957
80126
30772
80135
20048
58320
18034
191505
51102
24647
142422
169642
115777
40732
18287
52179
6090
104310
111500
2879
192917
136525
41690
181790
35386
84148
31687
154974
98182
152845
174360
191523
181422
72488
10113
19132
124390
55438
96307
50272
152821
146696
98264
120962
49305
123451
191633
163039
88255
129272
121665
124853
62680
2056
114475
3817
47109
189709
88643
95336
14140
65561
174926
188177
190897
35708
110643
101561
10655
19523
61681
47097
57660
61016
41385
171486
142544
141794
178225
90051
3273
122590
166747
50689
36345
193186
111703
33155
5849
6810
75785
183217
152432
114460
188670
22120
62713
39001
96334
107189
81248
17535
181329
155583
81093
27546
12250
55052
97407
160732
137597
68792
198641
97399
53209
82526
163099
65496
79677
148260
15812
25603
167592
64419
190369
3314
97549
155206
39804
159678
92546
124514
89535
104760
81255
68369
162580
58904
170600
186870
129883
77777
180010
102692
196216
127147
72623
121201
87915
136152
54035
20970
106124
130820
30483
126053
176730
155496
152754
22484
150707
182039
45943
50046
195452
174402
9334
152454
144173
127157
197631
175930
38098
45716
50971
99856
15564
191444
87313
44240
86390
72883
79617
187551
101877
33233
159596
172344
167989
165385
1067
182336
172029
48167
170425
90544
72271
25708
181068
93434
140949
8994
161700
26610
148
118092
102365
46592
111769
169490
184300
179361
28374
20430
152908
109120
118416
26444
181565
85956
25636
144941
138280
64961
167457
71672
132437
69207
181943
3129
176232
86451
195515
53860
23085
141705
19723
164554
65289
37294
194143
41735
123976
198958
169411
187845
191245
159567
75152
124901
163925
14835
98183
191272
7057
5232
88871
7915
97908
155255
150457
69986
74417
131651
98846
124951
28432
104108
1279
7325
39309
101981
110802
69250
151910
42601
47461
57343
190669
24170
15347
16972
179104
49324
116749
38186
43282
169978
101287
85006
121450
66835
89066
61224
149235
10140
157226
182026
125219
137231
78587
830
101538
143255
102113
169222
46568
127138
94538
135120
177116
13617
74349
133871
90047
58943
85604
30223
147292
176678
13653
127229
170838
67526
107723
71061
156565
85197
186375
52836
56004
34228
96206
50073
119294
7068
174352
65489
34411
134564
71407
127988
2964
185723
91953
198236
92580
152603
75978
12685
22521
145448
172326
52596
92018
109417
148863
171569
96182
16938
10089
198600
87570
91536
171490
141872
180955
152857
35801
98488
181265
36150
116034
25445
192262
96197
133198
180254
68819
27872
193647
179392
14081
181154
140768
55293
184742
118242
97253
178034
142848
139240
64862
174719
175100
7045
69557
38276
128218
81302
154139
169080
68087
5435
60905
125028
54077
178788
91119
96446
166234
161784
176882
116113
62005
4833
171168
98991
55946
197533
126852
178858
142647
188251
171253
53602
178165
178661
16954
129534
39621
4442
174365
144331
120632
52849
192835
119522
45114
185971
60005
31806
163681
148103
148821
142467
82546
77205
164146
20869
183120
22157
65725
112071
160154
21317
75146
164557
154053
159561
10613
128297
147213
190084
174526
42457
100074
22537
74348
161023
104868
